symbol,prix_actuel,prix_initial,prix_max,prix_min,prix_moyen,variation_totale_pct,volatilite_quotidienne_pct,tendance,nb_jours_donnees
74SW,38.8,38.5,39.3,38.5,38.9875,0.7792207792207718,0.7984626069273726,0.05595238095238276,8
AAA,4.05,3.57,4.05,3.56,3.81,13.445378151260504,2.0531574596094244,0.07690476190476207,8
AALB,30.22,29.3,30.32,28.62,29.55333333333333,3.1399317406143283,3.167913008905037,0.17828571428571194,6
AB,1.218,1.206,1.23,1.194,1.20625,0.9950248756218913,1.6091203440122506,0.0014047619047619928,8
ABCA,5.93,5.92,6.03,5.85,5.941875,0.16891891891891533,1.641074548917193,0.002916666666667102,8
ABEO,9.12,9.52,9.6,9.12,9.305,-4.201680672268911,2.011669860083808,-0.047619047619047436,8
ABI,53.46,50.68,53.76,50.63,51.865,5.485398579321234,2.092507475238453,0.6682857142857125,6
ABLD,4.48,4.8,4.9,4.48,4.672499999999999,-6.666666666666654,2.92117919770269,-0.06119047619047587,8
ABN,24.6,25.28,25.47,24.56,25.005,-2.689873417721518,1.257132475500778,-0.17400000000000054,6
ABNX,2.315,3.77,3.77,2.315,3.214625,-38.59416445623342,16.868311464005455,-0.15103571428571416,8
ABO,6.3,1.65,6.3,1.64,4.51,281.8181818181818,106.23468689503713,0.821190476190476,8
ABVX,68.8,76.4,76.5,68.7,71.875,-9.947643979057602,2.8323715510822485,-1.3166666666666622,8
AC,42.93,41.59,42.93,40.85,41.8925,3.2219283481606062,2.03789044144458,0.24785714285714502,8
ACA,15.56,16.066,16.066,15.51,15.6995,-3.1495082783517896,0.9105581199651841,-0.06799999999999835,8
ACAN,0.31,0.308,0.315,0.302,0.309875,0.6493506493506499,1.6410599441419018,0.0009880952380952577,8
ACCB,0.0275,0.0265,0.0275,0.0255,0.026333333333333334,3.7735849056603805,3.97535509758387,0.0001714285714285723,6
ACKB,222.4,227.5,227.5,221.4,224.25,-2.2417582417582396,0.8926454014662994,-1.1400000000000063,6
ACOMO,21.9,23.16,23.2,21.9,22.67833333333333,-5.440414507772028,1.015867681291855,-0.28600000000000025,6
AD,34.33,34.575,34.76,34.21,34.45416666666667,-0.7086044830079667,0.8206291244672164,-0.08071428571428803,6
ADOC,7.62,8.05,8.91,7.62,8.2075,-5.341614906832305,7.775562643143778,0.05380952380952403,8
ADP,113.3,112.5,113.3,110.8,112.1875,0.7111111111111086,1.2234704218696244,0.08928571428572143,8
ADYEN,1433.0,1403.0,1442.6,1386.4,1408.3333333333333,2.138275124732716,1.777938202554512,8.971428571428593,6
AED,65.7,62.96,65.7,62.7,63.85166666666666,4.351969504447271,1.118579455781416,0.5842857142857096,6
AELIS,1.225,1.11,1.275,1.016,1.1372857142857142,10.360360360360358,9.193798806023425,0.03585714285714291,7
AF,13.685,13.438,13.685,12.785,13.35375,1.8380711415389186,3.1489918059015913,0.05530952380952465,8
AFMBS,1.45,1.56,1.56,1.45,1.5,-7.051282051282056,1.2746418057010982,-0.05500000000000013,3
AFME,1.595,1.56,1.62,1.45,1.5353124999999999,2.2435897435897383,3.9381931163418855,0.01431547619047634,8
AGFB,1.077,0.93,1.098,0.93,1.0099166666666666,15.806451612903217,4.209712931673274,0.03278571428571421,6
AGIL,3.0,3.0,3.0,3.0,3.0,0.0,0.0,-3.14018491736755e-16,2
AGN,6.722,6.55,6.736,6.47,6.582999999999999,2.6259541984732917,1.5694340629384174,0.049314285714285,6
AGS,60.2,58.9,60.65,58.4,59.21999999999999,2.2071307300509413,1.7912481230418715,0.3639999999999966,6
AI,178.06,176.98,178.06,175.38,176.70499999999998,0.6102384450220435,0.6566673692132383,0.1309523809523991,8
AIR,178.26,187.54,187.82,178.26,182.41,-4.948277700757172,1.4397604699013593,-1.5195238095237948,8
AJAX,9.6,9.48,9.62,9.48,9.563333333333333,1.2658227848101182,0.34437205426917156,0.025714285714286002,6
AKE,61.4,58.66,61.4,57.36,59.553749999999994,4.670985339243099,2.22328684064583,0.4934523809523832,8
AKW,8.1,8.04,8.1,7.88,8.013749999999998,0.7462686567164242,1.0494932823078988,0.003928571428571604,8
AKZA,59.06,61.36,61.84,59.0,60.156666666666666,-3.748370273793998,1.5062378668570369,-0.5834285714285711,6
ALDV,0.088,0.088,0.088,0.088,0.08799999999999998,0.0,0.0,-2.110444073890955e-18,6
ALFEN,10.0,9.17,10.0,9.17,9.542333333333332,9.051254089422029,1.44586779899681,0.14988571428571393,6
ALLFG,6.016,5.87,6.105,5.87,5.958000000000001,2.487223168654172,1.8247661911849649,0.03617142857142806,6
ALO,20.47,19.72,20.58,19.465,20.178125,3.803245436105477,2.7663262321619073,0.09732142857142839,8
ALTA,102.8,100.0,102.8,97.5,100.4,2.799999999999997,1.9618089556268932,0.6404761904761959,8
ALX,1.42,1.47,1.47,1.41,1.4333333333333333,-3.40136054421769,2.381484830874627,-0.005714285714285685,6
AM,272.4,272.4,273.6,269.2,271.325,0.0,0.664280317504373,0.2119047619047686,8
AMG,26.3,27.64,28.52,26.3,27.403333333333336,-4.848046309696092,2.6157759640913754,-0.3799999999999982,6
AMPLI,6.2,6.2,6.26,6.2,6.2212499999999995,0.0,0.7590764678205608,0.002976190476190976,8
AMUN,63.75,63.0,63.75,62.2,63.01,1.1904761904761905,1.1011807229958828,0.1126190476190487,8
AMUND,1.1,1.18,1.18,1.08,1.1416666666666666,-6.77966101694914,2.8145526872976623,-0.02142857142857136,6
ANTIN,11.5,10.98,11.66,10.98,11.342500000000001,4.73588342440801,2.030679667170741,0.0826190476190484,8
APAM,26.0,26.68,27.14,25.88,26.35125,-2.548725637181408,1.6532837562758116,-0.1720238095238066,8
ARAMI,5.63,5.45,5.63,5.33,5.501250000000001,3.302752293577976,1.4143055792866295,0.03464285714285733,8
ARCAD,39.6,40.92,40.92,39.12,40.07666666666667,-3.225806451612904,1.880904942283412,-0.28628571428571725,6
AREIT,555.0,526.0,556.0,526.0,543.0,5.513307984790875,1.4282968295878546,5.333333333333402,8
ARG,65.0,64.0,65.0,63.5,64.38125,1.5625,0.9831882067049903,0.17083333333333675,8
ARGX,603.6,652.0,652.0,602.6,626.2666666666667,-7.423312883435579,1.8406706264335384,-11.748571428571461,6
ARTE,11.2,10.9,11.2,10.9,11.125,2.7522935779816415,0.8832612396107341,0.03809523809523846,8
ARTO,9150.0,9000.0,9150.0,9000.0,9075.0,1.6666666666666667,0.9622504486493729,59.999999999998046,4
ARVBS,0.05,0.05,0.05,0.05,0.05,0.0,0.0,-5.0440596509436806e-18,5
ARVEN,5.1,5.1,5.26,4.96,5.088571428571428,0.0,3.2100691915547133,0.03071428571428586,7
ASCE,49.96,50.1,50.8,49.96,50.14333333333334,-0.2794411177644722,1.0518218856800265,-0.08857142857142918,6
ASM,414.0,422.2,426.4,401.7,417.0833333333333,-1.9422074846044504,3.86161557291349,-1.2371428571428862,6
ASML,637.1,683.2,683.2,625.3,656.1166666666667,-6.747658079625296,3.683823666218981,-9.494285714285768,6
ASRNL,59.34,58.2,59.66,57.74,58.56333333333333,1.9587628865979392,1.1804819616521462,0.35485714285714065,6
ASY,46.1,45.16,46.1,43.9,45.01625,2.0814880425155113,2.023229712750156,0.14440476190476645,8
ATE,66.8,65.26,67.25,63.45,65.63499999999999,2.359791602819479,2.753849966828399,0.30595238095238697,8
ATEB,3.27,3.1,3.27,3.1,3.1966666666666668,5.483870967741932,1.4721730518141363,0.03828571428571433,6
ATEME,5.98,5.86,6.46,5.58,6.067500000000001,2.047781569965872,5.4739973115951726,0.07261904761904796,8
ATLD,44.3,44.4,44.4,44.2,44.275,-0.22522522522522842,0.20323619516888647,-0.016666666666664748,8
ATO,45.165,44.61,45.165,37.6,42.838875,1.2441156691324808,8.963772630632219,0.431011904761907,8
AUB,46.0,43.9,46.325,42.76,44.641875,4.7835990888382725,3.1251458852072407,0.4939880952380987,8
AUGR,5.55,5.6,5.6,5.54,5.5625,-0.8928571428571397,0.2867837968460592,-0.007857142857142348,8
AURE,5.92,5.84,5.92,5.72,5.825,1.3698630136986314,1.79798228258479,0.0071428571428574705,8
AVT,0.036,0.034,0.0376,0.034,0.035699999999999996,5.882352941176455,3.5365978656213404,0.0002857142857142882,8
AVTRI,2.5304,1.6154,2.5304,1.6154,2.0232666666666668,56.64231769221247,8.77805464709388,0.4574999999999999,3
AVTX,13.88,8.542,13.954,8.542,11.406333333333334,62.491219854834945,17.117431224054688,1.220285714285714,6
AXS,0.732,0.746,0.751,0.708,0.734,-1.8766756032171599,2.430395558318049,-0.006000000000000053,6
AYV,9.83,9.436,9.83,9.185,9.450125,4.17549809241204,3.1492831309265905,0.051250000000000545,8
AZE,12.81,12.43,12.97,12.34,12.609166666666667,3.05711987127917,2.7088002741024,0.08299999999999992,6
AZRN,1.376,1.38,1.39,1.35,1.3709999999999998,-0.2898550724637684,1.5383409962509962,-0.004857142857142864,6
AZRNW,0.001,0.0005,0.001,0.0005,0.00075,100.0,57.735026918962575,0.0002,4
BAIN,105.5,106.0,106.6,104.5,105.65,-0.4716981132075472,1.008674123093833,-0.009523809523796705,8
BALYO,0.388,0.385,0.391,0.372,0.3855,0.7792207792207799,2.9078973655163045,0.0013809523809523935,8
BAMNB,7.618,7.816,7.834,7.36,7.643833333333333,-2.533265097236432,2.8682869418604446,-0.05105714285714273,6
BANI,3.14,3.16,3.44,3.14,3.223333333333334,-0.6329113924050638,5.785899419611469,0.01771428571428582,6
BANQ,4.06,3.84,4.06,3.84,3.9166666666666665,5.72916666666666,1.2653022374228642,0.03599999999999998,6
BAR,14.07,13.78,14.26,13.72,13.926666666666668,2.104499274310602,2.266814828031171,0.06514285714285639,6
BASS,57.8,52.8,57.8,52.6,55.025,9.469696969696969,3.233471599489714,0.8642857142857183,8
BB,53.8,53.8,53.9,52.0,53.43125,0.0,1.626772128534526,0.013690476190480522,8
BCART,0.29,0.29,0.29,0.29,0.29,0.0,0.0,3.0206719197306074e-19,2
BEKB,38.46,38.18,38.65,38.0,38.36166666666667,0.7333682556312235,1.1948829541369497,0.03514285714285545,6
BELYS,1.03,0.91,1.08,0.91,0.996,13.186813186813188,5.3925130961356,0.026628571428571394,6
BEN,8.535,8.34,8.67,8.085,8.38425,2.3381294964028814,3.418715682904562,0.010214285714286822,8
BESI,115.8,111.46,119.75,105.8,112.06166666666665,3.893773551049707,6.918389371983057,1.2991428571428694,6
BEVER,2.8,2.8,2.8,2.8,2.8000000000000003,0.0,0.0,5.819196607382943e-17,6
BFIT,25.68,25.34,25.68,24.46,25.220000000000006,1.3417521704814517,3.3558737846176205,-0.028000000000002422,5
BIG,1.46,1.386,1.518,1.372,1.4285,5.339105339105344,3.507168345347616,0.01580952380952389,8
BIM,119.0,114.4,119.0,113.9,117.325,4.020979020979016,1.507285593133904,0.6761904761904871,8
BIOS,0.0028,0.0027,0.0028,0.0026,0.0026750000000000003,3.703703703703697,4.016848654745425,1.1904761904762095e-05,8
BLC,26.4,23.2,26.65,23.2,25.25875,13.79310344827586,3.037425827616775,0.5089285714285723,8
BLEE,109.0,109.0,109.0,109.0,109.0,0.0,0.0,-1.5048460668520732e-14,4
BN,71.72,74.72,75.08,71.04,73.28571428571429,-4.014989293361884,1.9256297411420715,-0.7028571428571405,7
BNB,473.0,413.0,473.0,413.0,452.8333333333333,14.527845036319611,3.043646749411672,11.342857142857119,6
BNJ,8.84,8.84,9.0,8.66,8.865,0.0,2.363707863539004,0.016285714285714264,6
BNJW,0.25,0.25,0.25,0.25,0.25,0.0,0.0,-1.9626155733547187e-17,2
BNP,76.53,77.87,77.87,76.19,76.7175,-1.7208167458584864,0.7921058274100542,-0.12166666666666393,8
BOI,21.15,23.66,23.66,21.0,22.02875,-10.608622147083691,1.8482268741288268,-0.42202380952380847,8
BOL,5.025,4.942,5.025,4.854,4.947125,1.6794819910967256,1.5241429698429114,0.021988095238095622,8
BON,8.09,7.6,8.09,7.57,7.805,6.447368421052635,1.4695583063042537,0.07976190476190496,8
BPOST,2.136,2.294,2.294,2.06,2.128833333333333,-6.887532693984304,5.431990955411765,-0.01465714285714282,6
BREB,112.4,110.4,112.4,110.0,111.10000000000001,1.8115942028985508,1.1403549681147498,0.42857142857142144,6
BRNL,8.68,8.2,8.68,8.2,8.395,5.853658536585372,1.6629491306708253,0.10485714285714308,6
BSD,4.27,4.2,4.3,4.14,4.22375,1.666666666666652,1.325021687596643,0.019642857142857597,8
BSGR,5.91,5.9,5.91,5.89,5.900000000000001,0.1694915254237252,0.14187561400437995,0.0011428571428575922,6
BTLS,4.59,4.48,4.82,4.12,4.446666666666667,2.45535714285713,7.24388642546538,0.0628571428571429,6
BUI,3.82,3.82,3.82,3.82,3.82,0.0,0.0,-1.102635060676998e-17,6
BUR,380.0,0.0295,390.0,0.023,273.8646428571429,1288035.5932203392,678008.1744845029,68.35233928571428,7
BVI,26.06,26.36,26.62,25.72,26.0825,-1.1380880121396082,1.2484891669677787,-0.09833333333333127,8
CA,12.36,12.276,12.41,12.214,12.312625,0.6842619745845522,0.8084549269728083,0.019321428571429367,8
CABKA,1.864,1.746,1.864,1.7,1.7701666666666667,6.7583046964490325,2.62881898568196,0.024199999999999902,6
CABLE,32.04,32.914,32.914,32.04,32.52133333333333,-2.6554049948350316,0.5828758654917676,-0.4370000000000056,3
CAF,97.0,51.6,103.92,51.45,80.55875,87.984496124031,24.90965531825694,8.81797619047619,8
CAMB,255.0,251.0,255.0,240.0,250.0,1.593625498007968,3.8053785714163064,0.05714285714284823,6
CAP,124.05,125.1,127.16,121.7,124.13,-0.8393285371702616,2.126580700615889,-0.5257142857142767,7
CARM,17.24,16.92,17.26,16.74,17.042499999999997,1.8912529550827228,1.0514617812843585,0.059761904761905786,8
CAT31,118.98,111.78,118.98,111.78,114.8225,6.441223832528182,1.9838095689486073,1.1154761904761945,8
CBDG,98.5,96.0,98.5,96.0,97.5,2.604166666666667,0.711289614985466,0.32142857142857373,8
CBE,700.0,719.4,719.4,696.9,701.6375,-2.6966916875173728,1.2206011641154562,-1.3202380952380846,8
CBOT,3.62,3.66,3.66,3.61,3.63125,-1.0928961748633887,0.5904387079331234,-0.0013095238095235673,8
CBR,96.0,96.0,96.0,96.0,96.0,0.0,0.0,4.7905812956903255e-15,3
CBSM,9.0,8.96,9.0,8.95,8.9625,0.44642857142856185,0.1806246156883506,0.0033333333333338054,8
CCEP,75.7,77.5,77.5,74.0,75.86666666666666,-2.3225806451612865,2.5401182725836926,-0.19428571428571195,6
CCN,128.2,126.6,132.0,124.56,127.995,1.2638230647709277,2.483479451173373,0.8909523809523873,8
CDA,22.25,20.8,22.5,20.5,21.44125,6.971153846153842,3.9263128202503075,0.306547619047621,8
CDI,482.0,468.8,497.4,468.8,481.85,2.8156996587030694,2.6242595812419722,2.5047619047619407,8
CEN,62.4,60.4,62.4,60.4,61.724999999999994,3.3112582781456954,0.7747010008275833,0.29761904761905084,8
CENER,10.6,10.7,10.84,10.38,10.603333333333333,-0.9345794392523332,2.1987633137058404,0.016571428571428487,6
CFEB,8.6,9.32,9.32,8.6,8.993333333333334,-7.725321888412023,2.3914023514857004,-0.14628571428571416,6
CFI,1.76,3.34,3.34,1.76,2.35625,-47.30538922155688,12.649160063810154,-0.2539285714285713,8
CGM,10.65,10.75,10.8,10.65,10.715,-0.9302325581395315,1.4277644260409823,-0.01600000000000178,4
CHSR,7.0,15.548,15.572,7.0,11.271666666666667,-54.97813223565732,24.511235928386228,-2.1990285714285718,6
CIV,112.0,106.74,118.84,105.0,111.2525,4.927862094809823,5.811523601785339,1.6392857142857218,8
CLA,1.782,1.636,1.782,1.584,1.673,8.924205378973113,3.559327173272782,0.024523809523809538,8
CLARI,4.406,3.958,4.406,3.906,4.137875,11.318847902981291,3.369463542850972,0.07634523809523841,8
CLEX,0.755,0.755,0.755,0.755,0.755,0.0,0.0,-2.0192986282408904e-16,2
CMBT,7.34,8.46,8.46,7.04,7.691666666666667,-13.238770685579206,4.245740150276961,-0.25514285714285734,6
CMCOM,4.514,4.67,4.67,4.51,4.589,-3.340471092077081,1.3160303386649357,-0.032857142857142876,6
CMO,107.0,106.74,112.0,104.38,107.9925,0.2435825370058133,3.5692194650712725,0.7378571428571459,8
CNDF,23.175,23.22,23.93,21.975,23.163249999999998,-0.19379844961239517,4.026545016175999,0.13130952380952624,8
CO,0.614,0.515,0.614,0.508,0.55725,19.22330097087378,5.3937547504944465,0.015547619047619077,8
COBS3,0.528,0.515,0.528,0.508,0.517,2.5242718446601966,3.7450009785646365,0.006500000000000018,3
COFA,16.11,15.49,16.13,15.4,15.768749999999999,4.00258231116849,1.8656134245817255,0.12083333333333382,8
COFB,77.04,74.2,77.04,73.8,75.06,3.82749326145553,1.0242792041341597,0.575428571428575,6
COH,8.5,0.02,8.8,0.02,7.2,42400.0,19185.586725030462,1.2262857142857138,6
COLR,37.7,38.05,38.16,37.62,37.818333333333335,-0.9198423127463714,1.0250424591668914,-0.06714285714285566,6
COMB,264.0,258.0,264.0,252.0,258.3333333333333,2.3255813953488373,2.0849646743050716,0.571428571428565,6
COTY,3.561,4.26,4.37,3.561,3.8972,-16.40845070422535,6.493766365724968,-0.12057142857142829,8
COUR,121.0,121.0,121.0,121.0,121.0,0.0,0.0,-1.729998432734137e-14,5
COV,56.3,55.86,56.3,55.65,56.0025,0.7876834944504076,0.6708165862638505,0.04880952380952542,8
COVH,23.0,23.9,24.0,23.0,23.450000000000003,-3.765690376569032,0.9929470789575938,-0.16904761904761814,8
CPINV,12.56,12.24,12.56,12.2,12.343333333333332,2.6143790849673225,0.7051094194352642,0.07142857142857098,6
CRAP,139.0,140.5,147.98,133.0,141.55714285714285,-1.0676156583629894,6.1795233813946595,0.3414285714285754,7
CRAV,140.38,142.0,150.24,140.38,146.33999999999997,-1.1408450704225384,3.7443420263753504,0.23190476190476525,8
CRBN,17.245,17.52,17.66,17.16,17.395833333333332,-1.569634703196339,1.1629565797842316,-0.0795714285714299,6
CRBP2,26.1,27.126,27.286,25.7,26.752625000000002,-3.7823490378234896,3.142452824707731,-0.05808333333332979,8
CRI,10.7,11.52,11.52,10.7,11.1175,-7.118055555555558,2.643053899184188,-0.1488095238095231,8
CRLA,85.0,80.3,94.38,79.0,84.475,5.853051058530514,6.206895062960884,1.6321428571428576,8
CRLO,101.0,92.8,101.5,92.2,97.54375,8.836206896551728,3.676678791547082,1.4791666666666683,8
CROS,10.7,10.7,10.7,10.7,10.700000000000001,0.0,0.0,-6.83951953243584e-16,6
CRSU,220.0,192.0,228.2,187.2,206.56875,14.583333333333334,6.234787664421428,5.863690476190475,8
CRTO,123.0,117.6,124.74,116.5,121.5,4.591836734693882,3.3238218966585933,0.9557142857142867,8
CS,39.92,39.85,39.93,39.33,39.72875,0.17565872020075352,0.8015101689330345,0.01988095238095531,8
CTAC,3.28,3.35,3.35,3.28,3.316666666666667,-2.0895522388059784,0.5843488976512138,-0.013714285714285792,6
CTPNV,18.44,18.06,18.68,17.94,18.266666666666666,2.1040974529346763,2.3241919858995224,0.08457142857142813,6
CV,0.33,0.2,0.33,0.2,0.2866666666666667,65.0,29.06888370749726,0.029714285714285714,6
CVC,17.32,15.11,17.52,15.11,16.246666666666666,14.62607544672403,4.209724548200411,0.5582857142857142,6
CYAD,0.33,0.301,0.336,0.3,0.312125,9.63455149501662,5.978059034434521,0.003392857142857157,8
DBG,5.92,5.14,6.002,5.116,5.56925,15.175097276264598,5.475178982310965,0.15592857142857167,8
DBV,1.582,1.512,1.59,1.48,1.547125,4.629629629629633,1.6823828277190944,0.015130952380952486,8
DEC,14.93,15.19,15.19,14.53,14.879375,-1.7116524028966411,1.6208135437592504,-0.03922619047618882,8
DECB,2.12,2.096,2.12,2.075,2.0974999999999997,1.1450381679389323,1.0295682621866225,0.0023142857142858424,6
DEEZR,1.185,1.186,1.216,1.16,1.184625,-0.0843170320404629,2.2078447852550096,-0.0017261904761904164,8
DEME,130.6,124.2,132.4,124.2,127.76666666666667,5.152979066022537,2.0534533392619805,1.5028571428571433,6
DG,115.7,117.66,117.66,114.3,116.2225,-1.6658167601563776,1.2837753626849866,-0.1940476190476051,8
DGB,0.606,0.612,0.614,0.598,0.6076666666666666,-0.980392156862746,1.7188191322897965,-0.0006285714285714667,6
DIE,184.3,165.1,187.9,160.15,172.8083333333333,11.62931556632345,6.088912187180105,5.6499999999999995,6
DIEG,115.0,111.0,115.0,111.0,112.2,3.6036036036036037,2.3137870416526747,0.7999999999999897,5
DIM,174.5,175.3,175.78,173.76,174.728125,-0.45636052481461004,0.4553913508367147,0.08077380952381555,8
DISL,206.0,214.0,226.0,206.0,215.33333333333334,-3.7383177570093453,10.222666888711318,-4.000000000000005,3
DKUPL,28.2,25.6,28.5,25.6,27.0625,10.156249999999991,3.8296025741954147,0.3845238095238099,8
DPAM,935.0,976.0,980.0,906.0,950.0,-4.200819672131147,2.715402999599669,-10.023809523809415,8
DPT,0.0996,0.0994,0.1,0.0994,0.09970000000000001,0.20120724346075636,0.24366014889563542,7.619047619048e-05,8
DSC2S,0.01,0.01,0.01,0.01,0.01,0.0,0.0,-2.4364458104634747e-18,4
DSCW2,0.0025,0.0025,0.003,0.0025,0.0026666666666666666,0.0,12.995725793078616,-1.8739596843754496e-20,6
DSCW3,0.0015,0.0015,0.002,0.0015,0.0016666666666666668,0.0,20.749832663314553,6.994848153986948e-20,6
DSFIR,83.8,81.62,84.08,81.62,82.56,2.6709139916686992,1.465461927631612,0.45942857142857174,6
DSY,26.84,27.83,27.83,26.57,27.03,-3.5573122529644214,1.2791717896530554,-0.09880952380952145,8
EAPI,3.08,2.924,3.08,2.864,2.97325,5.335157318741455,1.9184300703957327,0.02473809523809549,8
EAS2P,0.426,0.432,0.455,0.426,0.44133333333333336,-1.3888888888888902,2.839017000319434,-0.0011428571428571156,6
EBUS,0.3198,0.2972,0.3202,0.283,0.3014333333333333,7.604306864064586,5.205387195416941,0.0055714285714285735,6
EC,184.0,179.0,184.0,178.0,180.6375,2.793296089385475,1.3687576738372207,0.6988095238095368,8
ECMPA,27.16,26.36,27.25,26.36,26.761666666666667,3.0349013657056174,1.396911190664123,0.1642857142857137,6
ECONB,1.781,1.742,1.781,1.742,1.7663333333333335,2.2388059701492495,0.7922676562798792,0.006114285714285715,6
ECT,9.66,10.0,10.0,9.65,9.713333333333333,-3.399999999999999,1.5223009521637914,-0.04971428571428658,6
EDEN,24.9,22.77,24.9,22.77,24.03875,9.354413702239786,1.9398099513195475,0.32178571428571434,8
EDI,10.7,10.7,10.7,10.7,10.700000000000001,0.0,0.0,-6.83951953243584e-16,6
EEM,3.4,3.06,3.4,2.9,3.17,11.111111111111107,9.167879845683352,0.025714285714285703,8
EFG,1.9,1.88,1.9,1.875,1.8893749999999998,1.0638297872340436,0.7451751974260844,0.0007738095238098015,8
EFI,0.192,0.192,0.192,0.192,0.19199999999999998,0.0,0.0,5.4504590658881014e-18,7
EGR,0.33,0.33,0.33,0.33,0.33,0.0,0.0,-2.088014114855458e-17,6
EIFF,4.89,4.75,5.16,4.7,4.86625,2.9473684210526248,3.321601889916162,0.036071428571428706,8
EKI,3.21,3.146,3.33,3.135,3.219875,2.0343293070565815,2.917325717093713,0.021392857142857265,8
EKOP,7.64,6.5,7.7,6.38,6.95,17.538461538461533,5.346590248182358,0.28514285714285703,6
EL,266.5,260.0,266.5,258.0,261.2,2.5,1.4588549301926925,0.5190476190476286,8
ELEC,154.5,150.6,154.6,149.0,152.775,2.589641434262952,1.7202067619470527,0.5095238095238146,8
ELI,98.0,94.36,99.55,93.7,95.745,3.857566765578636,3.1942104637761957,0.899714285714281,6
ELIOR,2.532,2.454,2.542,2.406,2.47675,3.178484107579456,1.9134057197451733,0.017023809523809604,8
ELIS,23.48,23.94,23.94,23.08,23.419999999999998,-1.9214703425229775,1.1044752449241133,-0.025714285714283216,8
EMEIS,12.77,11.08,12.77,10.75,11.684999999999999,15.252707581227432,5.537726616873944,0.29214285714285737,8
EN,36.68,36.85,36.85,35.64,36.458124999999995,-0.46132971506106296,1.4911686211584778,0.03113095238095502,8
ENGI,17.86,17.824,17.895,17.57,17.742124999999998,0.20197486535007747,1.185069158834848,0.0037976190476199335,8
ENRGY,11.688,12.6,12.6,11.6,12.118333333333334,-7.238095238095231,3.298630291799733,-0.22782857142857108,6
ENVI,7.42,7.42,7.82,7.32,7.506666666666668,0.0,3.8212289163043587,-0.009142857142856974,6
ENX,142.6,139.0,142.6,138.7,140.66875,2.5899280575539527,1.1217816950280661,0.4041666666666718,8
EOS,1.145,1.156,1.16,1.135,1.1488749999999999,-0.9515570934255969,0.9373780582162007,-0.0004404761904760632,8
EQS,46.35,45.3,46.35,43.7,45.331875000000004,2.3178807947019964,2.6418141402613204,0.21446428571429216,8
ERA,50.5,48.0,51.5,48.0,49.917500000000004,5.208333333333334,2.193739855407741,0.4640476190476224,8
ERF,65.16,63.96,65.16,62.86,64.20249999999999,1.8761726078799181,1.5913140059850135,0.17547619047619145,8
ES,98.0,99.86,100.3,97.26,98.45875,-1.862607650710995,2.165546557055254,-0.014166666666658728,8
ETL,3.12,2.866,3.12,2.83,2.974625,8.862526168876483,2.853172647512991,0.04848809523809539,8
EVS,34.68,33.4,34.68,33.35,33.73166666666666,3.832335329341321,1.1820831514872092,0.25114285714285456,6
EXA,108.4,101.8,118.4,100.6,107.82499999999999,6.4833005893909705,4.868504924367099,2.107142857142865,8
EXE,39.8,37.5,40.1,37.5,39.0,6.133333333333326,1.6408511456462316,0.3714285714285746,8
EXENS,39.35,37.64,39.9,36.64,38.40375,4.543039319872479,2.6406940824746488,0.4065476190476215,8
EXM,9.81,18.57,18.57,9.81,13.38,-47.172859450726975,22.886322752797316,-2.5720000000000014,5
EXO,85.6,83.26,86.2,83.26,84.65166666666666,2.8104732164304456,1.1277053526787488,0.5814285714285755,6
EXPL,193.0,191.0,194.0,190.0,192.325,1.0471204188481675,0.6918080561122669,0.4166666666666881,8
FAGR,20.8,21.06,21.06,20.8,20.936666666666664,-1.2345679012345585,0.239560221717144,-0.06228571428571308,6
FAST,21.0,20.6,21.1,20.55,20.801666666666666,1.941747572815527,2.026768616853196,0.04828571428571492,6
FCMC,1500.0,1570.0,1570.0,1500.0,1524.2857142857142,-4.45859872611465,1.58633822321129,-11.785714285714214,7
FDE,28.8,27.0,29.5,25.7,27.85875,6.66666666666667,5.3607017353150725,0.43964285714285933,8
FDJU,27.8,28.22,28.3,27.24,27.79,-1.4883061658398236,1.4775192435697297,-0.08571428571428373,8
FER,46.82,47.16,47.79,46.04,46.961666666666666,-0.7209499575911712,1.8060313038451843,-0.14257142857142607,6
FERGR,8.76,8.64,8.81,8.4,8.591666666666667,1.3888888888888797,2.325295487959001,0.053999999999999646,6
FFARM,4.67,4.4,4.67,4.4,4.488200000000001,6.136363636363626,2.7187800042083228,0.04989999999999925,5
FGA,10.05,9.22,10.05,9.16,9.592857142857143,9.002169197396963,2.157233235500944,0.16821428571428626,7
FGR,109.75,109.1,109.75,105.1,107.72749999999999,0.5957836846929475,2.3607995008388785,-0.16999999999999274,8
FII,43.3,40.46,45.58,40.0,42.78,7.019278299555107,4.699108048314528,0.7085714285714295,8
FINM,0.19,0.19,0.19,0.19,0.18999999999999997,0.0,0.0,-1.3123389948633045e-18,6
FIPP,0.125,0.113,0.125,0.113,0.11449999999999999,10.61946902654867,4.013782014257278,0.0010000000000000037,8
FLOB,656.0,676.0,676.0,655.0,667.6,-2.9585798816568047,2.877548123783781,-4.100000000000008,5
FLOW,25.36,24.96,25.36,24.96,25.123333333333335,1.6025641025640969,0.31363089856787535,0.07028571428571517,6
FLUX,20.4,20.4,20.4,20.0,20.266666666666666,0.0,1.6762615931202303,-0.005714285714286291,6
FLY,73.6,72.4,74.6,72.4,73.775,1.6574585635358958,1.2392273217750542,0.1785714285714292,8
FMONC,114.0,111.6,116.0,111.6,113.95,2.1505376344086073,1.2907317112862993,0.3190476190476246,8
FNAC,29.1,28.46,29.85,28.4,29.095,2.248770203794802,1.595588075584246,0.17833333333333637,8
FOAF,13.5,13.5,13.5,13.5,13.5,0.0,0.0,-5.658790103292901e-16,6
FORE,765.0,746.0,766.0,746.0,762.1666666666666,2.546916890080429,1.218364474481743,2.714285714285759,6
FORSE,0.399,0.388,0.399,0.3775,0.3898125,2.835051546391755,2.094867969427356,0.00201785714285719,8
FOU,1.55,1.6,1.6,1.53,1.5633333333333335,-3.1250000000000027,1.6738580932623295,-0.012000000000000012,6
FPG,0.11,0.1046,0.117,0.0952,0.107675,5.162523900573616,11.383328528955637,-0.0006261904761904714,8
FR,10.425,10.616,10.616,10.21,10.3924375,-1.7991710625470887,1.47500622944483,-0.031065476190474752,8
FREY,29.4,29.4,29.6,29.2,29.424999999999997,0.0,0.6826180941940165,0.030952380952382792,8
FRVIA,11.08,11.006,11.43,10.696,11.125875,0.6723605306196606,2.401124911382393,0.05420238095238166,8
FSDV,16.0,15.0,16.8,15.0,15.925,6.666666666666667,6.158460195491421,-0.07380952380952287,8
FUR,11.76,11.0,11.94,11.0,11.403333333333334,6.909090909090907,2.3496137507672388,0.18914285714285645,6
GAM,81.0,1.56,81.0,1.5,50.45,5092.307692307692,1952.8985634891185,14.022380952380948,8
GBLB,75.35,75.76,75.9,75.0,75.56833333333333,-0.5411826821541853,0.8079830354060039,-0.06714285714285421,6
GBT,21.1,19.64,21.1,19.3,20.1,7.433808553971491,3.162089920875209,0.26285714285714346,8
GDS,10.0,9.96,10.0,9.96,9.982857142857142,0.40160642570280264,0.3018207001102145,0.005714285714285663,7
GEA,86.5,85.0,86.5,80.5,84.8125,1.7647058823529411,3.5197665826791056,0.38690476190476564,8
GET,16.29,15.68,16.29,15.68,15.9625,3.890306122448976,1.2234840778738068,0.10380952380952464,8
GFC,83.98,83.6,83.98,82.15,83.53,0.45454545454546613,1.2179780504912814,0.09547619047619149,8
GIMB,44.06,45.4,46.1,43.95,45.12166666666667,-2.951541850220256,2.3236768570944215,-0.3202857142857139,6
GJAJ,1.17,1.19,1.19,1.17,1.1814285714285713,-1.6806722689075646,0.6861315806115367,-0.004285714285714258,7
GLE,52.0,54.32,54.32,51.96,52.865,-4.27098674521355,0.8212847559247725,-0.3180952380952347,8
GLO,31.05,29.56,31.05,29.56,30.27375,5.040595399188099,1.7300956182118568,0.2336904761904787,8
GLPG,26.98,28.03,28.46,26.76,27.771666666666665,-3.745986443096685,4.419146090033598,-0.20885714285714352,6
GNFT,3.528,3.542,3.542,3.368,3.46575,-0.3952569169960415,2.1762057501213263,0.0018333333333335547,8
GNRO,0.0314,0.031,0.0322,0.028,0.0303,1.2903225806451535,6.6061861121717955,0.00019523809523809842,8
GPE,60.0,58.8,61.0,58.2,59.675,2.040816326530617,1.5598972002507674,0.2738095238095262,8
GREEN,7.24,7.28,7.38,7.24,7.3,-0.5494505494505499,2.31269550146855,-0.02000000000000034,3
GRVO,21.0,20.0,21.0,19.8,20.375,5.0,2.233985044980412,0.14523809523809672,8
GTT,156.8,153.1,159.25,150.4,155.58125,2.4167210973220232,1.90626144737399,1.1041666666666756,8
GUI,5.42,5.4,5.66,5.4,5.49,0.37037037037036247,2.0631150018984727,0.016190476190476307,8
HAL,133.0,142.4,143.2,126.6,137.9,-6.601123595505622,5.36231884435123,-2.7714285714285807,6
HAVAS,1.5058,1.5196,1.54,1.5,1.5169666666666668,-0.9081337193998442,1.8528911418377707,-0.0005200000000001231,6
HCO,4.75,3.6,4.75,3.53,4.165,31.944444444444443,10.511793071081659,0.2107142857142859,8
HDF,4.94,4.54,4.94,4.54,4.79375,8.810572687224678,1.2619085575999391,0.05750000000000024,8
HDP,2.0,2.02,2.22,1.91,2.07625,-0.990099009900991,7.766860150505833,-0.004404761904761717,8
HEIA,69.06,67.02,69.72,66.64,67.7,3.043867502238147,2.261036872277078,0.5234285714285706,6
HEIJM,58.76,57.76,59.4,54.55,57.298333333333325,1.7313019390581719,4.816526197543044,0.2717142857142843,6
HEIO,60.8,59.2,61.05,58.9,59.695,2.7027027027026933,1.7395730077777847,0.38599999999999796,6
HO,227.2,228.2,228.2,222.2,225.53125,-0.43821209465381245,1.042414806133866,0.2029761904762068,8
HOLCO,105.0,103.0,105.0,103.0,103.8,1.9417475728155338,0.9708737864077666,0.5999999999999874,5
HOMI,21.06,19.28,21.4,19.28,20.275000000000002,9.232365145228203,2.4236655088652066,0.44142857142857056,6
HWK,2.3,150.0,150.0,2.3,59.79200000000001,-98.46666666666665,47.90593750795801,-43.510000000000026,5
HYDRA,169.0,188.0,188.0,169.0,179.33333333333334,-10.106382978723403,3.2561598563006293,-4.742857142857139,6
HYL,6.5,6.42,6.56,6.42,6.469999999999999,1.2461059190031165,1.1479729002818013,0.02228571428571404,6
HYSG,3.62,3.72,3.82,3.6,3.716666666666667,-2.6881720430107547,2.4208338126896956,-0.03600000000000019,6
IAM,11.4,11.2,11.4,11.2,11.307500000000001,1.7857142857142954,1.4159711779340602,0.015000000000001401,8
IBAB,12.0,11.99,12.18,11.74,11.961666666666668,0.0834028356964119,2.6941749904298558,-0.02885714285714343,6
ICAD,20.88,20.4,20.88,19.77,20.52875,2.3529411764705905,2.5019825130591005,0.08059523809524045,8
IDIP,79.2,77.6,79.2,77.0,78.275,2.0618556701031037,0.7520437497867453,0.2547619047619102,8
IDL,405.5,394.6,415.5,390.6,402.775,2.762290927521535,2.2348880666462416,2.8571428571428923,8
IEP,5.4,5.3,5.5,5.3,5.4319999999999995,1.8867924528301987,2.001803603645823,0.023999999999999713,5
IMCD,96.36,91.6,96.36,91.6,93.87,5.196506550218347,1.8886077713755236,0.8577142857142905,6
IMDA,54.0,54.8,55.0,54.0,54.375,-1.459854014598535,0.5922708750309529,-0.11190476190475827,8
IMMO,25.36,25.8,26.4,25.36,25.870000000000005,-1.705426356589152,1.9766017096136321,-0.12514285714285822,6
IMMOU,37.4,37.2,37.6,37.2,37.333333333333336,0.5376344086021391,0.5873861136526825,0.05714285714285491,6
INCLU,18.8,18.4,18.9,18.3,18.64166666666667,2.1739130434782727,1.2209839316202862,0.1014285714285719,6
INEA,33.0,32.7,33.0,32.2,32.7,0.9174311926605416,1.2019713030393033,0.061904761904763274,8
INF,40.8,40.4,41.7,40.3,41.012499999999996,0.9900990099009866,1.4662526672296767,0.13928571428571643,8
INGA,20.336,21.25,21.25,20.336,20.717,-4.301176470588242,0.861085937048776,-0.16165714285714428,6
INPHI,29.4,29.4,29.4,29.4,29.4,0.0,0.0,-1.9964211038496393e-15,4
INPST,12.79,11.4,12.79,10.66,11.623999999999999,12.19298245614034,11.877599929172275,0.16299999999999903,5
IPH,1.844,1.772,1.856,1.746,1.8167499999999999,4.063205417607227,2.0771668914638526,0.014547619047619063,8
IPN,116.8,118.9,120.0,116.0,117.8,-1.7661900756938675,1.2002403455562058,-0.44761904761904614,8
IPS,37.1,35.0,37.1,34.52,35.48875,6.0000000000000036,2.6024463899386463,0.30630952380952664,8
ITP,31.58,30.3,32.08,30.14,31.1025,4.224422442244216,1.981895106276503,0.2873809523809525,8
ITXT,2.5,2.5,2.5,2.5,2.5,0.0,0.0,1.4414451908084016e-16,3
IVA,4.63,4.53,4.82,4.464,4.665,2.207505518763789,3.4651071432876908,0.0395000000000003,8
JBOG,3.96,3.7,3.96,3.7,3.8425000000000002,7.02702702702702,1.4426836426471694,0.045000000000000324,8
JCQ,20.15,19.0,20.15,18.52,19.283749999999998,6.052631578947361,3.0558301872577767,0.16726190476190636,8
JDEP,31.2,31.2,31.28,31.18,31.22333333333333,0.0,0.1695068154055378,0.003999999999998257,6
JEN,61.2,16.34,62.6,16.34,39.01666666666667,274.5410036719706,126.8641064867969,11.568571428571426,6
KBC,100.9,101.8,101.8,99.3,100.69166666666666,-0.8840864440078502,1.4690940208385916,-0.08714285714285233,6
KBCA,66.15,66.6,66.6,64.3,65.75833333333333,-0.6756756756756587,2.0991452959192,-0.02999999999999692,6
KENDR,13.0,13.88,14.02,13.0,13.566666666666665,-6.340057636887614,2.7581699022437367,-0.20114285714285685,6
KER,229.5,233.26,238.9,229.45,234.12125,-1.6119351796278794,1.673618705062014,-0.9613095238095084,8
KEYW,0.79,0.77,0.79,0.77,0.779,2.5974025974025996,2.2779431317926737,0.002499999999999889,5
KIN,34.3,33.2,34.75,32.96,33.55166666666667,3.313253012048176,2.634589690070381,0.29971428571428504,6
KOF,29.15,28.3,29.15,26.95,28.291249999999998,3.003533568904586,3.569424122828086,0.17583333333333614,8
KPN,4.091,4.19,4.19,3.995,4.105333333333334,-2.362768496420052,2.299074691145499,-0.02399999999999976,6
LACR,8.42,7.84,8.42,7.78,8.0875,7.39795918367347,3.0128402318193164,0.0673809523809531,8
LAT,0.013,0.0117,0.0131,0.0116,0.012525,11.111111111111104,3.539758235139506,0.0002452380952380954,8
LBIRD,16.55,17.3,17.3,16.06,16.651249999999997,-4.335260115606936,2.350782196740419,-0.0922619047619042,8
LEBL,0.38,0.3,0.38,0.3,0.32999999999999996,26.66666666666667,16.914353530284068,0.012380952380952397,8
LHYFE,3.18,3.02,3.19,3.0,3.1149999999999998,5.298013245033117,1.2845916402343667,0.02880952380952399,8
LI,33.54,33.16,33.54,32.7,33.260000000000005,1.1459589867310092,1.3015275907987782,0.02714285714286096,8
LIGHT,22.62,23.04,23.04,22.16,22.696,-1.8229166666666587,1.9069616870696637,-0.16000000000000145,5
LIN,63.0,402.5,404.0,60.0,189.3625,-84.34782608695653,32.44843856984684,-60.68928571428567,8
LNA,30.4,29.3,30.4,29.0,29.8,3.7542662116040884,1.8310177819909044,0.19285714285714498,8
LOCAL,4.44,3.8,4.555,3.8,4.192625,16.84210526315791,4.6883652432984295,0.12267857142857161,8
LOTB,8320.0,8470.0,8550.0,8320.0,8462.0,-1.770956316410862,1.593516924449721,-25.000000000000334,5
LOUP,89.7,87.8,90.7,86.5,88.84375,2.1640091116173186,1.4570733862623777,0.5458333333333346,8
LPE,92.0,90.2,92.8,90.2,91.8125,1.9955654101995532,0.7146297759974558,0.3345238095238125,8
LR,129.75,133.9,134.26,128.35,131.185,-3.0993278566094142,1.5505973345963413,-0.5309523809523757,8
LSS,22.85,22.66,23.475,22.55,22.974375000000002,0.8384819064430772,2.347592188803361,0.06398809523809872,8
LTA,28.9,28.6,28.9,28.6,28.73125,1.048951048951039,0.15696752740126044,0.04821428571428695,8
LVIDE,0.524,0.536,0.536,0.508,0.522,-2.2388059701492558,2.2043809907638194,-0.0017142857142857057,6
MAAT,5.04,3.76,5.04,3.76,4.3325,34.042553191489375,4.039655587463221,0.16857142857142862,8
MALT,895.0,876.0,896.0,876.0,886.1428571428571,2.1689497716894977,0.9785241485162762,3.4642857142857113,7
MAU,5.055,4.72,5.125,4.69,4.901875,7.097457627118644,2.288274678150213,0.07101190476190528,8
MBWS,2.91,2.98,2.99,2.91,2.96875,-2.3489932885905986,1.2734954470527955,-0.005357142857142735,8
MC,502.0,492.0,520.8,492.0,505.1775,2.0325203252032518,2.305730103442254,2.150238095238086,8
MCC,464.0,462.0,464.0,460.0,463.0,0.4329004329004329,0.47576549509691884,0.6285714285714302,6
MDM,1.988,1.716,1.992,1.716,1.876,15.850815850815852,4.087581614174774,0.04414285714285719,8
MEDCL,17.34,18.6,18.6,16.94,17.4475,-6.774193548387104,2.7127222015670243,-0.14666666666666547,8
MELE,68.02,66.9,68.75,65.15,67.13333333333333,1.6741405082212109,3.0596327783538957,0.24171428571428405,6
MEMS,3.755,3.75,4.0,3.7,3.82575,0.1333333333333305,4.05534411882099,0.025142857142857113,8
MERY,10.94,10.9,10.96,10.78,10.8825,0.3669724770642124,0.6853556430592719,0.0021428571428580676,8
MF,83.1,81.66,83.1,80.6,81.88374999999999,1.7634092578986011,1.1883923515753239,0.2598809523809605,8
MHM,0.39,0.38,0.405,0.373,0.386625,2.6315789473684235,6.020164235215519,0.0002976190476190859,8
MIKO,50.4,50.0,50.4,50.0,50.2,0.7999999999999973,0.230480985862513,0.11999999999999282,5
ML,31.15,31.58,31.58,30.65,31.1,-1.3616212792906897,1.0747594041647452,-0.05214285714285513,8
MMB,20.3,20.66,20.76,20.3,20.6,-1.7424975798644697,0.5684204507196791,-0.04666666666666658,8
MMT,12.96,13.36,13.36,12.8,13.0975,-2.9940119760478936,1.7819898399408058,-0.013571428571427074,8
MONT,68.4,66.9,68.5,66.0,67.5,2.242152466367713,1.4393841966495964,0.3214285714285772,8
MOP,240.0,240.0,240.0,240.0,240.0,0.0,0.0,-1.2991756113551317e-14,2
MOPF,7750.0,7750.0,7750.0,7750.0,7750.0,0.0,0.0,-1.2355935722308413e-12,2
MORE,0.73,0.76,0.76,0.73,0.7516666666666666,-3.947368421052635,1.1906323601563193,-0.00542857142857148,6
MOUR,582.0,572.0,584.0,560.0,573.0,1.7482517482517483,2.0667729090330913,4.057142857142855,6
MRN,24.15,23.26,24.26,23.05,23.759999999999998,3.826311263972472,2.4330084034512494,0.12333333333333135,8
MT,28.37,28.945,29.185,27.89,28.575000000000003,-1.986526170323024,1.7489756536783836,-0.1039285714285708,8
MTRK,4.47,4.25,4.5,3.9,4.253333333333333,5.176470588235288,8.386698636509925,0.048571428571428495,6
MTU,19.22,18.7,19.22,17.88,18.61875,2.780748663101602,2.926902367183188,0.1344047619047629,8
NACON,0.788,0.828,0.845,0.78,0.8037142857142857,-4.8309178743961265,4.296940320763395,-0.006464285714285626,7
NAI,9.4,9.2,9.4,9.2,9.333333333333334,2.1739130434782727,1.8022834986067446,0.02285714285714313,6
NAITR,0.04,0.04,0.04,0.04,0.04,0.0,0.0,-9.745783241853899e-18,4
NAIW,0.038,0.038,0.038,0.038,0.038,0.0,0.0,-4.932243329603324e-18,4
NANO,7.74,7.88,7.88,7.2,7.644375,-1.7766497461928894,3.654333527059644,0.035416666666667235,8
NEDAP,90.6,92.8,93.3,90.6,92.11666666666667,-2.370689655172417,1.6669526988682088,-0.4371428571428611,6
NEDSE,0.102,0.248,0.29,0.1,0.20800000000000005,-58.87096774193549,34.67822608130357,-0.03417142857142856,6
NEX,129.8,127.2,132.6,125.3,129.09375,2.044025157232711,2.061237091002862,0.6255952380952556,8
NEXTA,42.2,42.3,42.3,41.9,42.06666666666666,-0.2364066193853294,0.659054572122864,-0.01714285714285519,6
NK,21.94,21.68,22.06,21.06,21.675,1.1992619926199333,2.1331656486091295,0.0690476190476198,8
NN,58.66,58.2,58.8,57.36,58.169999999999995,0.7903780068728414,1.3454791129687076,0.11028571428570917,6
NOKIA,3.71,3.91,3.91,3.634,3.7791428571428574,-5.1150895140665,1.8888678718193426,-0.047571428571428404,7
NR21,40.0,40.0,40.0,40.0,40.0,0.0,0.0,-7.592457534076197e-15,4
NRG,7.24,7.32,7.32,7.16,7.2475000000000005,-1.0928961748633887,1.1478019474199432,-0.014047619047618684,8
NRO,41.5,39.96,41.5,39.45,40.353750000000005,3.8538538538538516,1.7843661866084821,0.22678571428571706,8
NRP,7.2,7.2,7.2,6.34,6.903333333333333,0.0,8.3921364130814,0.009714285714286246,6
NSE,0.0235,0.026,0.0285,0.0235,0.02691666666666667,-9.61538461538461,9.977457509966667,-0.00027142857142857177,6
NSI,21.52,21.2,21.55,21.2,21.396666666666665,1.5094339622641524,0.5851703016357073,0.0582857142857152,6
NXFIL,3.08,2.75,3.08,2.75,2.9066666666666663,12.000000000000002,2.1215898534133606,0.076,6
NXI,9.535,8.9,9.535,8.25,8.842125000000001,7.134831460674154,5.778093160013663,0.07779761904761921,8
NYR,0.076,0.081,0.081,0.0736,0.07733333333333334,-6.172839506172845,5.79942714717362,-0.0008114285714285733,6
NYXH,5.31,4.94,5.39,4.936,5.1226666666666665,7.489878542510104,3.886137027097953,0.08125714285714229,6
OBEL,18.6,18.56,18.75,18.5,18.593333333333334,0.2155172413793249,0.7495360862668657,0.014285714285716213,6
OCI,4.93,4.86,4.938,4.752,4.841666666666667,1.4403292181069833,1.7802791318075046,0.027485714285713808,6
ODET,1480.0,1450.0,1480.0,1418.0,1450.0,2.0689655172413794,1.9940848344511444,7.095238095238125,8
ONTEX,6.57,6.56,6.57,6.48,6.533333333333332,0.1524390243902542,0.7809870494095783,-0.004,6
ONWD,5.07,5.4,5.47,5.07,5.26125,-6.1111111111111125,3.6192214611525464,-0.03940476190476172,8
OPM,13.38,13.16,13.77,12.96,13.377500000000001,1.6717325227963573,2.355289662594586,0.09523809523809637,8
OPTI,0.006,0.0066,0.0066,0.006,0.0063999999999999994,-9.090909090909088,4.06557814090871,-0.00013714285714285708,6
OR,401.25,396.36,402.66,396.36,400.46000000000004,1.2337269149258214,0.8412840924402332,0.21071428571430015,8
ORA,13.86,13.67,13.955,13.525,13.711812499999999,1.3899049012435956,1.1812143342814712,0.04624404761904773,8
OREGE,0.323,0.341,0.341,0.322,0.333,-5.278592375366573,2.1661345371566973,-0.0021904761904761668,8
ORIA,172.0,170.0,172.0,170.0,171.5,1.1764705882352942,0.28619188870257184,0.2619047619047737,8
OSE,6.11,6.126,6.23,5.88,6.078,-0.26118184786157383,2.3096091994369865,0.029190476190476565,8
OVH,10.39,10.62,10.62,9.975,10.309375,-2.165725047080967,3.3018317368216032,-0.0077976190476180774,8
OXUR,0.023,0.024,0.024,0.023,0.023333333333333334,-4.1666666666666705,2.863028630226082,-6.857142857142762e-05,6
PAR,37.7,37.0,37.7,36.3,36.95,1.8918918918918997,1.7266114778767871,0.06428571428571901,8
PARP,19.0,19.16,19.5,18.86,19.12875,-0.835073068893529,1.7796801182222568,0.031547619047619664,8
PARRO,8.44,7.02,8.44,7.02,7.8028571428571425,20.22792022792023,3.0240963179368934,0.24000000000000032,7
PAT,24.5,7.295,24.5,7.295,17.938125,235.84647018505822,85.61332986308278,3.0655357142857143,8
PAY,6.7,6.8,6.8,6.7,6.766666666666667,-1.4705882352941124,0.6576670522058181,-0.022857142857143124,6
PBH,2.82,2.8,2.82,2.78,2.8,0.714285714285715,0.9035563695052704,0.0019999999999998955,5
PERR,83.8,81.0,83.8,80.4,82.25,3.4567901234567864,1.43585540198401,0.5476190476190536,8
PEUG,78.2,78.0,78.2,75.4,76.91875,0.25641025641026005,1.7826976175205165,0.21250000000000643,8
PHARM,1.2505,1.215,1.285,1.215,1.2459166666666668,2.921810699588466,2.545602888754971,0.0035857142857142724,6
PHIA,23.6,24.0,24.0,23.23,23.655,-1.6666666666666607,1.5626018009610811,-0.08028571428571343,6
PHXM,0.1005,0.1006,0.1006,0.1005,0.10055000000000001,-0.0994035785288161,0.04445463175943228,-2.5714285714281757e-05,6
PIG,2.59,2.55,2.61,2.45,2.5414285714285714,1.5686274509803935,3.43296651554977,0.009642857142857284,7
PLNW,18.18,18.2,18.58,17.6,18.1275,-0.10989010989010754,2.596413934304951,0.07500000000000032,8
PLX,17.6,15.55,17.6,15.5,16.77875,13.183279742765277,3.293107302152823,0.32154761904761986,8
PNL,0.9644,0.9796,0.9986,0.948,0.9727833333333334,-1.5516537362188638,2.8681248427332666,-0.004740000000000031,6
PORF,12.0,11.5,12.0,11.5,11.833333333333334,4.3478260869565215,1.9444069369563375,0.11428571428571493,6
POXEL,0.3125,0.331,0.331,0.281,0.3125,-5.589123867069492,7.809575631742993,0.0007678571428571559,7
PPLAA,0.3,0.3,0.3,0.3,0.3,0.0,0.0,-5.99528017723787e-17,4
PPLAB,0.3,0.3,0.3,0.3,0.3,0.0,0.0,-5.99528017723787e-17,4
PRC,4.14,4.15,4.28,4.02,4.1537500000000005,-0.24096385542170298,3.1331413595477486,0.00916666666666678,8
PREVA,4.75,4.86,4.86,4.75,4.825,-2.263374485596714,0.9013069861302584,-0.0242857142857143,6
PROAC,0.056,0.0535,0.0605,0.0525,0.0569375,4.672897196261686,4.5576298693060355,0.0008750000000000058,8
PROX,7.416,7.372,7.43,7.23,7.339666666666666,0.5968529571351123,1.8791419998980354,0.018571428571428076,6
PRX,52.99,53.5,53.5,52.0,52.72833333333333,-0.9532710280373795,1.0524638635859545,-0.14085714285714185,6
PSAT,4.72,4.58,4.8,4.57,4.67125,3.056768558951958,2.063869745259899,0.03059523809523825,8
PUB,79.0,84.5,84.5,78.7,80.83,-6.508875739644971,1.0279225863695545,-0.8490476190476121,8
PVL,1.275,1.4,1.486,1.275,1.3845,-8.928571428571429,8.955557993918339,-0.0037142857142855416,8
QDT,16.04,15.98,16.08,15.9,16.015,0.3754693366708305,0.6149382545041092,0.010952380952381163,8
QEV,6.9,6.9,6.9,6.9,6.9,0.0,0.0,-4.831854747706069e-16,5
QEVT,0.01,0.01,0.01,0.01,0.01,0.0,0.0,-2.4364458104634747e-18,4
QFG,4.21,4.2,4.23,4.2,4.211749999999999,0.238095238095233,0.5070967427130625,0.0014428571428568796,6
QRF,10.56,10.46,10.65,10.46,10.545,0.9560229445506657,0.6717597303962122,0.029999999999999572,6
RAND,40.395,37.93,40.395,37.93,39.01416666666667,6.49881360400739,1.000371401508681,0.5292857142857137,6
RBO,33.2,31.8,33.2,31.8,32.575,4.402515723270447,1.674120610636847,0.19761904761905058,8
RBT,822.0,826.0,831.5,802.0,820.5,-0.48426150121065376,1.3166269530304686,1.8928571428572138,8
RCO,54.1,50.05,54.65,50.05,52.88125,8.0919080919081,2.494793801171253,0.5065476190476234,8
RECT,9.45,8.9,10.36,8.9,9.298333333333332,6.179775280898864,8.305147768975186,0.1939999999999994,6
REINA,26.2,26.0,27.2,26.0,26.28,0.7692307692307665,3.7022762968004663,0.039999999999995935,5
REN,39.69,40.18,40.52,39.3,40.005,-1.219512195121956,2.1034039785296947,-0.06885714285714618,6
RET,69.6,68.1,69.6,65.7,67.81666666666666,2.2026431718061676,3.231504437285359,0.0028571428571430814,6
RF,55.1,54.2,56.3,53.7,54.9775,1.660516605166049,1.5913340366397817,0.30595238095238264,8
RI,99.04,94.36,100.4,94.36,97.57875,4.9597286986011095,1.9271263498817421,0.6817857142857237,8
RMS,2119.0,2095.0,2125.0,2039.0,2086.125,1.1455847255369929,1.8902094870619655,9.488095238095347,8
RNO,32.69,34.15,34.15,32.56,33.31125,-4.275256222547587,2.397300093615522,-0.04869047619047554,8
ROU,13.5,13.6,13.7,13.2,13.486666666666666,-0.7352941176470562,2.301630410113582,-0.0011428571428583668,6
RUI,28.18,29.14,29.14,28.02,28.3675,-3.2944406314344574,1.5653082320226488,-0.09690476190476119,8
RXL,27.08,27.92,28.23,27.08,27.68375,-3.008595988538694,1.3746223900678036,-0.09440476190476095,8
S30,1.794,1.585,1.794,1.383,1.6035,13.18611987381704,11.212740278638785,0.045976190476190566,8
SABE,19.4,19.3,19.4,18.4,19.2375,0.5181347150258957,2.921111843959586,0.02976190476190496,8
SACI,26.6,26.6,26.6,26.6,26.6,0.0,0.0,1.357570866380104e-15,8
SAF,287.2,280.0,287.8,278.2,283.5875,2.571428571428567,0.9834434791410694,1.4726190476190686,8
SAMS,144.0,135.6,144.6,134.6,139.875,6.194690265486731,2.031445452436851,1.7357142857142946,8
SAN,86.54,8.316,86.54,8.081,56.494125,940.6445406445407,365.15258957320185,13.787678571428568,8
SAVE,62.0,61.2,62.6,61.0,61.675,1.3071895424836555,1.1291365419766368,0.20238095238095422,8
SBMO,23.28,21.98,23.28,21.76,22.423333333333332,5.914467697907192,1.7574298921898122,0.3251428571428568,6
SBT,9.5,9.5,9.52,9.36,9.4775,0.0,0.8336088309088953,0.010714285714286018,8
SCHP,92.1,91.8,94.0,90.0,91.7625,0.326797385620912,1.4547395748982892,0.2559523809523829,8
SCR,27.94,27.6,28.04,27.22,27.7275,1.2318840579710137,1.3184251562283773,0.06976190476190731,8
SDG,33.2,32.9,33.6,32.9,33.1625,0.911854103343478,0.865463850131,0.051190476190480574,8
SEC,2.52,2.28,2.52,2.14,2.325,10.526315789473696,6.75624164248873,0.041428571428571606,8
SEFER,6.22,6.54,6.54,6.12,6.3100000000000005,-4.892966360856273,2.517307285338546,-0.010476190476189709,8
SELER,82.0,82.6,82.6,82.0,82.2875,-0.7263922518159738,0.22599261420909703,-0.11309523809523524,8
SEQUA,0.992,1.038,1.056,0.954,1.0153333333333332,-4.4315992292870945,5.492848104827366,-0.013257142857142922,6
SESG,5.95,5.896,5.965,5.655,5.854625,0.9158751696065176,2.7731290630666363,0.022059523809523918,8
SFCA,1.96,1.97,1.97,1.82,1.885,-0.5076142131979701,5.528803223766677,0.0004761904761906285,8
SFPI,2.3,2.32,2.41,2.28,2.32625,-0.8620689655172422,2.8747372964916558,0.004880952380952497,8
SGO,93.44,92.67,93.6,90.36,92.42500000000001,0.8309053631164304,1.8308571903894142,0.13380952380952582,8
SGRO,7.15,6.95,7.3,6.95,7.192,2.8776978417266212,3.0529022363492877,0.03999999999999942,5
SHELL,31.645,30.926,31.665,30.616,31.105166666666666,2.324904611006924,1.1756295468598632,0.20505714285714233,6
SHUR,33.76,32.8,33.85,32.35,33.0,2.926829268292686,2.2886828066030995,0.23599999999999657,6
SIFG,7.84,7.55,8.89,7.55,7.885000000000001,3.841059602649007,9.228325710844063,0.15628571428571425,6
SIGHT,0.164,0.153,0.164,0.15,0.15795,7.189542483660137,2.0992561166101513,0.002242857142857156,8
SIP,75.2,74.2,75.8,73.2,74.63333333333334,1.3477088948787062,2.6980893372857144,0.24571428571427928,6
SK,63.65,61.46,64.1,59.8,62.07124999999999,3.5632931988285024,3.240949192195773,0.416071428571433,8
SLCO,0.29,0.29,0.29,0.29,0.29,0.0,0.0,1.3592974894406976e-17,5
SLIGR,10.89,11.08,11.08,10.82,10.928333333333333,-1.7148014440433168,0.9776376883821514,-0.03285714285714282,6
SMCP,6.46,6.01,6.56,6.01,6.25,7.487520798668888,3.4577827123483074,0.07904761904761937,8
SOF,259.0,251.8,261.4,243.3,253.8166666666667,2.8594122319300985,3.054422515346944,2.585714285714296,6
SOI,36.46,31.73,36.81,31.73,34.400000000000006,14.90702804916483,4.501060691799049,0.72452380952381,8
SOLB,28.04,27.48,28.16,27.28,27.75,2.037845705967972,1.4317723582438506,0.09095238095238108,8
SOLV,95.0,92.2,95.0,92.2,93.89999999999999,3.03687635574837,1.80706378972496,0.4057142857142832,6
SOP,160.8,155.9,161.1,154.0,157.45714285714286,3.1430404105195673,2.183094467018726,0.9285714285714326,7
SPA,212.0,220.0,220.0,212.0,215.6,-3.6363636363636362,0.7560583795423493,-2.2000000000000215,5
SPEL,9.85,9.86,9.86,9.85,9.855,-0.10141987829614389,0.04535634842798421,-0.0025714285714293545,6
SPIE,47.62,48.08,48.28,46.56,47.506249999999994,-0.9567387687188037,1.4833783713288675,-0.025357142857142082,8
SRP,0.514,0.489,0.514,0.47,0.4905,5.112474437627816,4.349549970811868,0.000714285714285768,8
STF,137.6,121.8,139.2,119.6,130.25,12.972085385878488,3.992763030393966,3.1523809523809576,8
STLAP,8.173,7.626,8.225,7.626,7.943312499999999,7.172829792814054,2.101216701040903,0.09814880952381007,8
STMPA,23.25,22.26,23.785,21.795,22.893749999999997,4.447439353099723,4.233568042055653,0.1645238095238116,8
SU,211.45,223.46,226.16,209.85,216.43375,-5.374563680300733,1.631394431037445,-2.22940476190474,8
SW,50.8,52.3,52.36,50.8,51.765,-2.868068833652008,0.5720581937923788,-0.21642857142856733,8
SWP,35.0,34.5,35.56,33.86,34.8525,1.4492753623188406,1.9975802067184643,0.14071428571428699,8
SYENS,75.52,73.58,75.9,73.58,75.05,2.6365860288121743,1.4545197215382626,0.35028571428570976,6
TAYN,3.0,2.48,3.0,2.3,2.535,20.967741935483872,8.781049544283277,0.05523809523809534,8
TE,39.74,39.32,39.88,38.9,39.48875,1.068158697863687,1.115755378440313,0.0853571428571459,8
TEP,68.88,64.7,68.88,64.02,66.0775,6.460587326120544,2.7523052941448514,0.46738095238095445,8
TERBS,0.001,0.001,0.003,0.001,0.0013333333333333333,0.0,101.10500592068735,0.00017142857142857137,6
TESB,26.2,25.86,26.2,25.85,25.961666666666662,1.3147718484145394,0.7900831968034232,0.03057142857142862,6
TEXF,34.2,35.0,35.0,34.2,34.5,-2.2857142857142776,1.113785749682518,-0.1314285714285737,6
TFF,16.7,17.36,17.4,16.7,17.074285714285715,-3.801843317972351,1.571938789064006,-0.08928571428571422,7
TFG,17.9,17.7,17.9,17.7,17.8,1.1299435028248548,0.002244355935980539,0.10000000000000006,3
TFI,8.33,8.88,8.88,8.33,8.51825,-6.193693693693701,1.4794687398472324,-0.0551666666666663,8
THEON,25.0,24.1,25.0,22.86,24.135,3.73443983402489,3.8198094980694655,0.2368571428571417,6
THEP,76.9,71.6,77.1,71.6,75.375,7.402234636871524,0.9888995054096545,0.7714285714285755,8
TINC,10.12,10.04,10.12,10.02,10.056666666666665,0.7968127490039849,0.4764654585466131,0.020000000000000066,6
TITAN,0.94,0.9,0.94,0.89,0.9059999999999999,4.444444444444437,2.4002824495159922,0.00799999999999996,5
TITC,37.5,36.06,37.75,36.06,36.87125,3.9933444259567326,1.4751156113486756,0.21678571428571755,8
TKO,19.56,19.0,19.56,19.0,19.32,2.9473684210526248,0.7279435423768639,0.09000000000000095,8
TKTT,16.35,16.36,16.36,16.3,16.32,-0.061124694376515964,0.2632220655089085,-0.00023809523809446986,8
TKWY,20.18,20.24,20.24,20.18,20.208333333333332,-0.29644268774702925,0.06444624917171712,-0.014000000000000833,6
TNG,0.972,1.09,1.17,0.972,1.0891250000000001,-10.825688073394504,8.379275399619628,-0.005154761904761926,8
TOM2,5.27,5.44,5.6,5.06,5.3808333333333325,-3.1250000000000147,5.690188983214407,-0.060714285714286415,6
TRACT,0.95,0.966,0.97,0.936,0.95575,-1.656314699792962,1.3255374315627804,-0.003309523809523774,8
TRI,151.5,146.0,152.1,144.3,148.475,3.767123287671233,1.7712703252935555,1.0595238095238155,8
TRIO,33.05,31.476,33.05,31.476,32.131,5.000635404752821,1.261149217642391,0.36142857142857154,6
TTE,53.21,52.85,53.62,52.02,52.8825,0.6811731315042562,0.9843421782087365,0.17047619047619553,8
TUB,160.2,168.4,169.6,160.2,164.60000000000002,-4.869358669833739,1.2236860045163032,-2.034285714285729,6
TVRB,57.5,55.0,57.5,54.0,55.125,4.545454545454546,4.485560469732004,0.19047619047619274,8
TWEKA,34.6,34.28,35.28,33.8,34.373333333333335,0.9334889148191373,2.5461361789287085,0.11657142857142837,6
UBI,9.088,8.606,9.53,8.606,9.042625,5.600743667208916,3.8871485444078298,0.11467857142857216,8
UCB,199.06,208.5,210.55,199.06,204.46,-4.5275779376498795,1.2512145529609449,-2.3400000000000047,6
UMG,24.35,25.08,25.08,23.78,24.451666666666664,-2.910685805422635,2.4159017022659572,-0.11057142857142993,6
UMI,13.33,13.44,13.56,13.27,13.411666666666667,-0.8184523809523768,1.4786736241043388,-0.017428571428571325,6
UNA,53.77,53.58,55.0,53.34,54.13833333333333,0.3546099290780232,1.7810411465518245,-0.04828571428571306,6
URW,88.3,87.3,88.84,86.78,87.925,1.1454753722794961,0.8523707237064583,0.21380952380952445,8
VAC,1.612,1.614,1.614,1.57,1.5950000000000002,-0.12391573729863703,1.7364828329537159,-0.001857142857142745,8
VACBS,0.044,0.054,0.054,0.042,0.04475,-18.518518518518523,8.76618451940875,-0.0006666666666666658,8
VALUE,6.4,6.8,7.05,6.3,6.658333333333332,-5.882352941176463,6.431893069743675,-0.08714285714285772,6
VAN,30.4,31.1,31.1,30.4,30.76,-2.2508038585209094,1.6674884258188385,-0.09028571428571296,6
VANTI,0.134,0.133,0.1342,0.1324,0.13362857142857143,0.7518796992481209,0.5172800080628838,0.00022857142857143193,7
VASTB,28.5,28.9,28.9,28.5,28.7,-1.3840830449826942,0.792674293747924,-0.0685714285714289,6
VCT,60.2,60.4,60.4,58.5,59.8,-0.33112582781456246,1.7277058046732223,0.01785714285714307,7
VETO,75.4,73.0,75.4,72.4,74.3125,3.28767123287672,2.573543817782378,0.36547619047619634,8
VGP,97.8,93.5,97.8,92.7,94.75,4.5989304812834195,2.2489288669117826,0.8714285714285768,6
VIE,28.34,28.82,28.82,28.01,28.38625,-1.6655100624566286,1.162792198806645,-0.06535714285713952,8
VIL,16.55,16.06,17.26,16.0,16.69,3.051058530510598,2.4481465679990095,0.13642857142857312,8
VIO,6.46,6.35,6.57,6.28,6.39,1.7322834645669343,1.956207766205499,0.0394285714285716,6
VIRI,54.65,56.8,60.5,54.55,56.614999999999995,-3.7852112676056313,4.483238152981573,-0.46071428571427814,8
VIRP,338.5,325.6,338.5,324.0,330.7,3.9619164619164544,1.3616839103771692,2.319047619047618,8
VIV,3.138,3.128,3.138,2.966,3.069625,0.3196930946291492,2.3772421872864338,0.002011904761904968,8
VK,15.375,15.04,15.4125,14.835,15.1504375,2.2273936170212822,1.566420487687777,0.08592261904762014,8
VLA,3.774,3.802,3.872,3.58,3.77425,-0.7364544976328256,3.3346675713509537,0.019166666666666953,8
VLK,52.3,50.1,53.5,49.65,50.925000000000004,4.39121756487025,3.919061465132336,0.6042857142857144,6
VLTSA,6.83,6.186,7.0,6.0,6.5360625,10.410604591011964,4.595043141225491,0.1353630952380955,8
VMX,0.202,0.1976,0.205,0.192,0.19995000000000002,2.226720647773287,3.6378148620438298,0.0005571428571428762,8
VPK,41.38,41.4,41.4,41.08,41.27333333333333,-0.04830917874395175,0.41090628599670725,-0.02628571428571462,6
VRAP,13.15,12.86,13.15,12.75,12.9275,2.2550544323483743,0.9950131685354275,0.051190476190476744,8
VRLA,25.5,23.66,25.5,23.66,24.417499999999997,7.776838546069315,2.03607231942339,0.23452380952381113,8
VTA,6.84,6.96,6.96,6.84,6.916666666666667,-1.7241379310344844,0.4749804144505985,-0.01885714285714293,6
VTR,5.9,6.0,6.0,5.9,5.9325,-1.6666666666666607,0.7391385450288073,-0.015476190476190501,8
VU,215.8,205.6,215.8,198.4,208.3,4.961089494163433,3.4664026598773146,2.2095238095238137,8
VVY,1.694,1.656,1.706,1.61,1.6633333333333333,2.2946859903381664,4.382249626572278,0.0019428571428572049,6
WAGA,21.45,21.56,21.56,21.44,21.48,-0.5102040816326504,0.12819329630308213,-0.015476190476189498,8
WAVE,49.55,47.56,49.55,46.86,48.29625,4.184188393608063,1.7517632435973136,0.37892857142857284,8
WDP,21.96,21.98,22.06,21.28,21.738333333333333,-0.09099181073703173,2.0815385456421236,0.025428571428570038,6
WEB,39.6,38.6,39.6,38.0,38.9,2.5906735751295336,2.0770778923390645,0.13142857142857423,6
WEHB,55.0,54.4,55.0,54.0,54.43333333333334,1.102941176470591,0.6153622498106531,0.10857142857142855,6
WHA,18.58,18.74,18.74,18.44,18.599999999999998,-0.853788687299894,0.5887194260423029,-0.04800000000000029,6
WHATS,116.0,114.0,117.5,113.0,115.0,1.7543859649122806,1.3490184883247938,0.7142857142857145,6
WKL,108.15,109.16,110.06,104.4,108.21166666666666,-0.9252473433492038,3.1183934241819213,-0.31800000000000045,6
WLN,2.869,2.68,2.889,2.577,2.7562499999999996,7.052238805970151,3.661000848657347,0.04366666666666683,8
XFAB,7.03,6.6,7.125,6.405,6.7925,6.515151515151525,4.862321749957338,0.07321428571428656,8
XIL,3.68,3.58,4.11,3.4,3.725,2.793296089385477,6.224391053542346,0.06571428571428599,8
XIOR,30.36,29.66,30.45,29.55,29.909999999999997,2.360080917060011,1.4990497889964791,0.16114285714285775,6
ZEN,206.0,206.0,206.0,206.0,206.0,0.0,0.0,-1.5656291372651693e-14,2
